1 1 4 85 99 162 437
2 2 5 16 30 259 272 567
3 3 7 0 36 108 110 154 375 599
4 4 14 56 90 93 144 301 345 401 425 432 437 531 567 577 593
5 5 15 67 161 190 192 218 288 315 388 389 443 448 460 529 549 589
6 6 11 18 60 116 145 154 211 221 308 310 395 596
7 7 3 202 270 366
8 8 13 43 90 117 141 163 167 186 218 308 351 445 496 527
9 9 12 48 86 87 181 202 210 215 222 318 423 504 589
10 10 14 1 68 89 108 116 147 177 221 364 419 449 481 500 550
11 11 9 18 30 60 67 268 376 491 539 559
12 12 19 5 8 16 20 60 68 108 136 172 185 308 310 409 463 498 521 549 550 566
13 13 9 34 48 141 162 234 267 326 331 599
14 14 8 10 20 128 170 219 251 288 323
15 15 10 30 139 177 244 308 445 478 514 563 595
16 16 14 0 35 37 98 173 322 345 367 406 408 558 582 587 596
17 17 14 31 111 123 145 179 229 233 286 322 376 457 479 522 562
18 18 11 12 115 136 164 328 341 403 408 439 490 589
19 19 8 13 70 117 140 143 178 254 365
20 20 8 178 186 205 221 293 328 479 552
21 21 5 111 308 514 577 593
22 22 14 34 191 220 250 258 266 324 378 427 458 485 489 539 574
23 23 16 6 11 46 48 60 62 196 308 366 400 413 425 501 508 527 542
24 24 12 102 121 162 178 190 215 239 427 524 539 552 577
25 25 10 134 136 162 318 329 350 408 457 489 544
26 26 5 18 40 118 125 154
27 27 5 285 340 419 448 492
28 28 12 12 24 34 60 158 314 356 359 457 463 531 561
29 29 12 85 141 164 192 230 254 357 364 449 471 504 596
30 30 12 15 16 102 147 151 165 190 227 250 408 449 595
31 31 5 308 431 446 463 475
32 32 17 6 30 48 56 179 225 239 240 272 308 339 372 394 401 447 539 540
33 33 8 172 189 228 307 318 319 415 593
34 34 5 67 113 154 396 431
35 35 14 30 34 56 66 90 121 221 319 351 437 448 549 559 595
36 36 7 18 242 261 312 420 445 478
37 37 8 39 185 191 253 276 308 419 431
38 38 4 252 261 449 598
39 39 10 25 28 75 78 99 128 161 162 275 363
40 40 2 170 474
41 41 9 10 12 55 136 215 247 328 439 501
42 42 8 16 91 147 286 340 409 494 497
43 43 17 4 30 49 74 178 202 281 292 351 355 376 389 407 441 482 506 527
44 44 10 31 57 117 154 170 394 419 448 470 556
45 45 15 14 15 88 204 221 223 241 258 261 326 336 388 420 514 539
46 46 11 18 172 189 230 277 339 344 364 408 554 583
47 47 9 101 136 163 179 401 478 523 589 595
48 48 13 1 78 86 132 135 185 186 244 351 370 406 577 589
49 49 13 14 20 31 76 108 195 221 390 425 440 502 567 579
50 50 8 12 279 305 326 375 400 562 578
51 51 17 56 67 144 188 321 388 408 413 423 425 433 448 494 505 546 549 577
52 52 6 30 84 293 523 562 580
53 53 13 140 154 197 210 246 315 322 326 328 415 426 519 577
54 54 5 0 28 191 469 527
55 55 12 3 72 87 115 170 184 234 273 313 322 446 582
56 56 9 86 170 215 230 322 388 474 492 540
57 57 3 60 315 557
58 58 14 16 18 56 62 111 240 302 358 457 478 505 532 542 596
59 59 10 16 56 135 187 230 292 310 343 425 472
60 60 7 192 338 385 505 523 524 596
61 61 8 122 189 245 391 523 568 593 599
62 62 11 12 16 86 137 238 240 345 376 403 473 536
63 63 14 1 37 86 98 118 143 185 187 227 322 365 396 536 557
64 64 12 67 78 135 162 187 308 321 348 367 485 526 577
65 65 15 8 60 90 110 132 144 178 186 419 445 457 479 520 577 589
66 66 5 26 57 78 242 449
67 67 13 16 78 91 123 154 161 164 229 274 279 322 431 523
68 68 4 334 387 498 593
69 69 10 8 37 39 234 286 303 322 393 411 478
70 70 12 89 117 170 191 308 365 394 411 429 449 485 562
71 71 16 26 46 108 112 154 186 283 293 324 425 449 455 498 521 524 571
72 72 10 93 132 152 170 178 195 384 427 478 563
73 73 7 22 135 143 195 218 240 533
74 74 12 67 158 161 162 178 186 239 288 327 335 376 516
75 75 8 6 88 170 199 305 492 549 574
76 76 13 0 1 21 28 77 128 170 191 239 431 469 527 555
77 77 7 43 165 190 206 245 266 489
78 78 11 60 62 123 135 161 185 215 350 392 419 494
79 79 9 213 239 261 351 404 433 457 498 562
80 80 10 16 19 103 120 186 307 318 322 431 494
81 81 16 154 158 185 187 213 219 239 261 308 351 404 433 457 498 557 562
82 82 13 46 70 124 138 239 277 307 316 335 364 485 563 596
83 83 4 12 328 435 491
84 84 7 19 67 108 124 210 419 595
85 85 9 1 49 191 221 262 331 427 448 585
86 86 12 19 48 60 97 116 185 310 328 348 403 437 448
87 87 11 49 158 170 202 233 245 288 310 469 567 595
88 88 10 29 182 276 319 368 377 426 506 542 565
89 89 12 10 34 49 81 146 234 261 335 408 438 506 507
90 90 12 26 44 85 154 163 318 322 366 504 527 538 554
91 91 9 29 106 318 341 376 442 452 478 558
92 92 10 4 15 191 270 315 349 437 577 587 593
93 93 13 1 15 19 30 146 186 187 313 322 452 489 518 567
94 94 11 79 97 170 178 253 288 303 378 400 520 526
95 95 8 29 140 197 334 494 521 574 597
96 96 10 18 45 187 396 420 427 474 524 582 589
97 97 7 123 185 221 230 407 451 545
98 98 10 34 177 218 237 428 460 471 492 532 588
99 99 11 4 186 195 288 308 387 391 502 552 568 599
100 100 10 6 141 218 230 242 254 370 414 446 504
101 101 12 1 18 28 108 246 268 356 449 523 525 584 588
102 102 9 3 19 38 86 186 234 285 351 585
103 103 9 14 32 207 250 293 308 445 562 577
104 104 5 2 102 188 279 562
105 105 11 34 110 148 195 244 285 328 430 524 567 593
106 106 10 20 63 140 184 322 364 477 492 550 552
107 107 14 20 39 50 240 270 293 308 353 419 428 438 451 456 533
108 108 11 14 19 66 135 288 376 449 502 532 550 599
109 109 6 67 191 452 478 524 589
110 110 7 5 181 190 241 352 474 577
111 111 11 18 30 70 140 142 186 220 270 304 406 482
112 112 12 3 14 86 108 148 275 427 457 458 490 520 589
113 113 12 14 29 117 141 154 187 196 472 478 489 498 557
114 114 11 10 56 60 154 195 207 215 313 416 425 545
115 115 7 67 147 154 161 210 427 538
116 116 17 41 89 91 115 123 162 186 231 267 328 398 408 455 461 481 539 573
117 117 12 40 111 115 154 170 186 336 345 364 420 452 539
118 118 12 30 48 100 154 186 190 254 318 421 427 445 481
119 119 13 2 26 34 161 244 293 365 406 482 485 494 539 544
120 120 9 6 72 110 293 324 401 478 550 577
121 121 7 90 117 184 322 470 521 586
122 122 12 6 67 161 163 186 388 399 407 431 539 577 589
123 123 14 39 56 100 138 185 190 277 285 366 408 410 470 518 558
124 124 7 56 152 162 376 408 455 577
125 125 9 30 124 167 281 301 308 402 514 559
126 126 9 1 5 14 60 72 161 221 421 488
127 127 4 139 253 322 429
128 128 8 44 194 241 322 327 457 538 551
129 129 15 50 90 108 163 221 266 356 396 435 524 533 562 563 578 587
130 130 10 186 262 324 331 490 531 536 565 582 593
131 131 12 44 85 117 143 144 175 198 210 270 322 352 552
132 132 7 32 43 50 186 188 406 458
133 133 11 72 77 215 318 339 376 387 390 492 507 551
134 134 5 49 187 319 577 595
135 135 13 24 117 178 187 199 279 339 380 402 458 514 544 577
136 136 10 11 67 213 335 344 384 500 532 547 591
137 137 12 6 12 104 120 123 177 202 233 267 277 492 505
138 138 5 49 162 190 406 599
139 139 7 67 121 328 449 478 507 554
140 140 11 60 85 187 202 336 395 425 427 431 523 589
141 141 5 24 61 290 298 421
142 142 8 192 194 218 236 396 457 466 597
143 143 5 192 205 310 408 479
144 144 14 18 46 61 116 123 185 189 265 348 403 451 462 523 555
145 145 18 4 14 72 123 162 178 192 218 250 271 321 358 419 428 449 525 552 584
146 146 10 118 190 209 248 260 304 315 429 579 595
147 147 15 34 49 81 86 136 187 209 234 374 408 438 449 474 593 595
148 148 6 29 67 221 275 431 555
149 149 7 19 128 185 338 449 544 561
150 150 8 18 39 185 292 315 375 376 497
151 151 11 26 56 140 147 255 335 389 394 474 500 589
152 152 9 100 161 191 195 315 458 499 582 599
153 153 11 29 108 121 203 244 304 308 455 526 589 595
154 154 7 3 162 186 388 440 449 481
155 155 9 63 242 307 310 318 332 338 446 459
156 156 6 110 161 425 448 525 542
157 157 6 194 288 345 352 431 470
158 158 10 124 141 191 209 276 308 322 339 395 506
159 159 9 34 48 234 321 328 421 455 459 566
160 160 7 116 140 186 188 193 519 550
161 161 6 270 311 378 435 478 533
162 162 3 187 351 521
163 163 13 23 32 108 143 149 178 179 185 285 409 416 478 595
164 164 11 87 99 120 134 143 235 321 331 387 534 587
165 165 12 100 170 192 308 344 353 419 448 455 478 497 585
166 166 11 49 163 170 233 245 261 308 310 328 595 596
167 167 8 285 408 422 455 466 473 491 533
168 168 11 32 72 78 101 121 161 239 312 438 501 529
169 169 11 0 86 261 324 376 458 500 520 539 562 575
170 170 5 57 321 501 533 567
171 171 11 66 134 141 303 390 395 414 425 433 449 562
172 172 8 60 110 166 316 416 441 452 526
173 173 21 22 24 91 141 146 163 170 172 186 274 276 334 367 403 406 531 538 544 555 565 579
174 174 10 1 46 108 141 195 244 285 348 390 573
175 175 21 76 134 143 196 202 215 261 265 285 307 313 315 335 370 376 388 406 438 481 544 595
176 176 8 190 210 218 254 283 288 425 550
177 177 11 18 99 123 241 265 315 356 421 430 576 577
178 178 9 117 140 170 183 229 270 356 443 523
179 179 18 2 6 14 78 79 88 141 170 180 199 229 230 233 305 492 527 549 574
180 180 9 39 48 76 114 345 358 375 499 555
181 181 9 24 184 196 293 365 426 443 523 593
182 182 9 56 129 168 233 335 384 433 449 558
183 183 5 170 277 406 523 578
184 184 6 118 119 190 210 315 448
185 185 10 18 97 189 234 401 403 406 408 526 583
186 186 10 100 136 199 202 288 318 322 435 582 596
187 187 5 69 104 154 188 451
188 188 7 34 173 181 308 376 529 561
189 189 8 0 76 134 180 193 195 202 532
190 190 9 15 20 56 140 227 281 416 505 587
191 191 7 167 245 413 506 546 549 577
192 192 15 72 76 124 154 191 239 308 315 322 339 506 542 574 589 597
193 193 12 16 162 188 262 274 321 384 408 459 498 523 550
194 194 4 170 324 425 523
195 195 3 67 244 595
196 196 6 38 187 191 235 408 593
197 197 8 141 221 267 313 413 425 562 587
198 198 17 14 30 41 123 131 170 242 335 350 365 494 502 524 547 548 587 595
199 199 8 20 48 240 329 353 359 428 533
200 200 10 4 67 100 108 132 163 240 356 357 449
201 201 9 1 12 101 104 194 233 267 492 505
202 202 19 4 44 78 99 118 161 186 195 229 250 293 318 349 431 449 501 563 566 584
203 203 7 86 185 295 310 364 443 499
204 204 8 59 218 230 413 485 563 589 599
205 205 11 11 111 186 192 194 240 279 329 436 491 562
206 206 7 209 215 248 399 408 442 589
207 207 8 77 115 121 161 275 307 376 424
208 208 3 322 524 550
209 209 10 19 118 186 194 252 326 388 449 455 557
210 210 8 33 56 86 115 194 523 531 582
211 211 9 44 75 209 321 388 440 454 481 599
212 212 14 76 184 197 277 315 326 347 387 408 502 526 552 577 595
213 213 10 67 116 221 308 318 353 408 440 455 459
214 214 10 70 86 185 202 222 318 375 390 423 478
215 215 9 16 108 183 227 233 244 355 525 592
216 216 10 154 172 190 192 348 470 498 576 589 595
217 217 8 167 170 238 408 451 476 488 523
218 218 7 15 67 86 358 416 492 545
219 219 9 120 224 233 242 245 308 395 417 485
220 220 13 1 19 21 77 86 116 128 170 202 239 308 401 491
221 221 15 15 19 132 190 251 279 315 376 386 421 437 552 582 587 593
222 222 5 186 325 431 565 577
223 223 8 18 28 148 170 253 310 324 364
224 224 2 132 141
225 225 14 67 123 124 154 221 267 322 389 422 447 498 529 587 593
226 226 12 18 48 146 292 321 420 422 424 445 469 516 593
227 227 8 26 136 162 163 242 301 308 355
228 228 12 0 14 21 136 140 172 310 351 387 411 416 428
229 229 5 34 78 434 515 565
230 230 10 86 134 227 345 364 403 425 524 527 587
231 231 8 34 168 178 188 308 366 389 425
232 232 11 49 56 170 307 313 336 376 403 478 550 577
233 233 15 86 128 187 196 202 215 281 307 318 335 388 423 559 589 593
234 234 12 4 99 111 148 162 170 186 219 240 421 455 577
235 235 11 135 140 147 154 162 195 230 234 320 387 403
236 236 13 1 99 124 128 134 158 239 267 288 327 335 348 552
237 237 5 26 413 546 549 577
238 238 19 6 24 78 88 141 163 170 199 274 305 408 492 522 527 531 549 562 565 574
239 239 10 100 258 344 455 478 500 524 539 582 589
240 240 6 57 144 221 261 318 470
241 241 7 185 209 239 276 287 318 445
242 242 9 49 102 244 250 394 408 563 589 597
243 243 9 15 56 102 132 250 331 368 494 568
244 244 3 66 111 319
245 245 14 5 34 57 81 167 183 202 308 315 482 523 526 584 595
246 246 17 1 11 18 32 39 86 162 220 241 261 349 455 507 521 523 567 593
247 247 15 16 34 56 67 83 134 146 240 276 293 302 348 390 542 559
248 248 17 97 122 132 186 233 331 370 407 419 493 497 513 531 536 550 554 563
249 249 13 14 19 21 38 134 137 167 185 245 421 508 550 565
250 250 4 215 324 356 578
251 251 12 34 144 166 198 220 254 267 313 315 457 554 587
252 252 10 56 67 74 163 269 321 364 380 425 544
253 253 18 2 68 87 88 111 139 147 161 185 187 190 202 308 336 352 404 499 514
254 254 18 14 19 191 202 239 278 283 308 351 471 474 490 492 514 526 536 557 568
255 255 10 54 108 141 144 210 221 269 408 421 470
256 256 8 4 16 190 244 287 396 438 550
257 257 10 14 49 57 203 227 229 242 321 351 472
258 258 11 63 134 140 159 246 315 322 449 474 519 544
259 259 10 39 42 86 100 195 207 324 431 492 563
260 260 12 72 194 215 308 319 366 387 407 455 470 542 567
261 261 17 19 72 86 221 233 261 314 367 370 385 406 419 427 481 490 564 593
262 262 6 18 115 308 492 524 532
263 263 10 152 218 233 254 288 310 376 389 425 562
264 264 5 110 344 356 587 596
265 265 7 14 191 283 308 351 471 492
266 266 15 66 76 110 123 140 186 242 308 314 315 389 425 497 523 526
267 267 13 48 101 147 163 233 313 318 321 343 349 356 378 419
268 268 5 76 141 244 370 419
269 269 9 6 48 111 123 221 279 329 349 490
270 270 10 121 134 288 294 308 440 441 479 563 595
271 271 14 8 86 124 185 221 239 301 308 331 365 384 514 527 589
272 272 8 6 34 86 111 188 203 339 478
273 273 11 34 76 87 134 166 197 331 394 403 415 481
274 274 5 14 170 270 272 388
275 275 13 55 91 101 212 223 278 451 452 478 525 526 536 589
276 276 6 144 190 254 308 345 406
277 277 11 11 77 161 245 292 376 431 587 589 592 593
278 278 12 102 121 122 139 178 190 215 286 324 427 552 555
279 279 16 4 94 123 154 185 188 273 351 352 409 413 437 476 521 523 524
280 280 7 102 220 250 422 502 521 588
281 281 9 10 56 145 186 191 239 421 485 577
282 282 8 87 202 218 234 285 517 549 550
283 283 6 40 395 452 462 514 598
284 284 9 23 129 172 229 317 427 514 520 521
285 285 9 117 170 199 202 227 308 441 479 562
286 286 7 60 137 195 218 275 431 459
287 287 8 56 131 138 187 225 396 408 543
288 288 13 18 29 116 141 161 170 239 244 265 351 494 523 597
289 289 10 19 48 181 241 359 376 445 448 479 593
290 290 16 1 12 99 161 190 265 306 321 323 386 394 395 451 455 584 591
291 291 13 6 21 38 147 162 203 215 241 326 419 514 559 593
292 292 7 187 254 328 407 448 474 577
293 293 17 116 123 143 161 186 191 194 210 269 290 294 305 310 336 349 409 539
294 294 6 57 162 408 474 566 582
295 295 14 48 72 83 186 244 267 315 321 366 387 441 562 577 586
296 296 17 6 86 112 147 160 190 250 270 283 293 304 345 366 386 524 562 567
297 297 7 76 140 245 502 578 584 595
298 298 6 29 44 97 279 477 593
299 299 11 16 67 91 136 146 162 177 244 348 532 577
300 300 10 1 14 90 111 199 242 310 338 408 593
301 301 13 14 116 138 146 190 194 229 239 441 504 514 567 593
302 302 10 86 111 138 143 244 267 276 474 567 584
303 303 10 15 21 110 121 170 221 229 408 476 589
304 304 15 6 24 116 121 148 152 170 195 229 324 384 423 501 525 563
305 305 9 14 110 142 154 288 455 478 492 593
306 306 12 29 94 124 134 213 245 321 335 376 394 424 491
307 307 10 34 113 131 395 408 425 437 455 474 595
308 308 20 15 19 40 88 141 162 187 209 222 270 293 319 343 395 421 427 478 532 542 552
309 309 8 38 115 185 186 298 481 499 513
310 310 13 5 215 315 335 345 364 376 387 419 458 499 552 592
311 311 7 229 305 428 490 545 577 589
312 312 7 14 66 210 219 300 414 427
313 313 4 4 67 85 161
314 314 7 161 279 431 455 462 549 562
315 315 4 254 301 356 578
316 316 17 3 42 77 94 115 161 277 307 308 366 384 403 435 437 478 501 524
317 317 11 41 56 67 318 335 357 390 394 395 439 478
318 318 10 4 55 135 230 292 310 324 430 472 501
319 319 5 46 186 455 531 562
320 320 10 82 161 183 191 202 233 328 505 543 577
321 321 15 19 56 60 104 124 144 220 330 349 375 406 489 512 532 550
322 322 12 14 146 216 281 318 351 401 426 431 552 567 595
323 323 7 60 191 335 389 408 577 589
324 324 9 121 319 442 449 500 508 527 550 584
325 325 9 26 52 72 108 218 281 343 421 561
326 326 9 141 154 185 351 386 445 455 518 593
327 327 10 15 28 313 322 425 452 455 461 501 573
328 328 9 103 117 189 245 273 376 523 566 593
329 329 11 26 46 136 295 322 350 361 499 552 589 596
330 330 21 1 26 86 117 128 161 186 188 229 240 285 328 400 431 437 490 505 507 524 544 549
331 331 13 6 12 16 63 72 123 161 210 271 423 428 448 593
332 332 8 18 72 225 319 321 457 499 555
333 333 4 192 258 500 539
334 334 10 18 56 210 229 244 262 308 427 481 577
335 335 12 13 85 146 161 210 308 324 334 348 351 445 559
336 336 8 34 103 258 266 427 451 523 574
337 337 9 111 122 152 190 295 366 459 552 588
338 338 15 1 48 170 192 234 258 308 353 366 384 500 518 544 556 588
339 339 5 209 285 310 353 497
340 340 5 186 311 390 577 589
341 341 9 101 103 134 136 209 240 358 514 544
342 342 4 187 376 448 455
343 343 11 19 48 56 129 181 352 474 490 526 532 595
344 344 16 14 48 111 112 117 149 170 196 213 279 305 313 376 427 445 566
345 345 8 158 179 194 219 389 514 521 589
346 346 6 56 315 318 376 389 402
347 347 9 29 190 364 463 489 493 507 577 592
348 348 11 30 56 261 324 406 462 463 514 552 595 598
349 349 3 76 194 532
350 350 20 14 60 98 123 138 181 186 187 215 218 254 308 375 452 457 492 505 524 550 585
351 351 10 18 87 88 167 172 271 390 435 514 598
352 352 10 141 153 162 178 186 218 376 388 451 527
353 353 12 140 166 185 191 221 250 308 315 349 521 577 582
354 354 5 23 143 400 543 567
355 355 11 2 102 137 147 148 188 279 308 470 545 562
356 356 20 16 32 34 66 99 154 185 215 258 322 338 343 345 370 437 449 515 523 531 561
357 357 11 44 123 170 209 363 388 408 419 425 440 481
358 358 10 34 161 409 419 449 471 500 552 589 593
359 359 17 18 154 162 215 218 324 335 345 351 378 419 446 488 521 577 579 592
360 360 7 30 111 178 242 439 593 595
361 361 9 179 222 303 347 406 408 457 521 593
362 362 11 79 123 140 154 327 331 346 358 376 563 593
363 363 12 1 6 76 234 239 315 357 513 526 542 589 596
364 364 18 16 34 48 147 162 170 194 210 250 261 318 408 489 505 524 527 529 549
365 365 14 72 141 146 364 419 427 455 465 489 523 562 563 586 589
366 366 13 41 115 154 163 242 318 343 403 408 446 455 501 593
367 367 10 56 67 132 141 211 283 370 520 558 565
368 368 6 41 222 344 366 387 396
369 369 16 78 99 143 186 248 254 277 310 331 376 386 437 457 552 562 582
370 370 11 34 140 221 250 308 348 349 359 390 485 582
371 371 5 138 145 188 278 592
372 372 12 18 49 100 128 270 313 377 396 425 521 523 596
373 373 11 4 131 220 233 253 270 321 324 367 492 539
374 374 6 60 124 128 221 419 479
375 375 7 117 240 291 310 368 495 563
376 376 14 24 72 128 135 143 154 160 189 233 279 342 448 517 599
377 377 10 3 118 178 242 273 349 372 419 448 599
378 378 4 6 270 408 567
379 379 11 30 32 34 75 81 325 345 423 455 491 524
380 380 15 15 121 178 244 279 291 293 300 324 331 427 435 507 578 585
381 381 12 55 123 167 218 261 308 388 417 425 430 447 458
382 382 13 1 12 29 128 162 168 196 203 262 304 455 470 532
383 383 13 6 18 54 152 184 189 196 202 218 319 324 345 507
384 384 12 33 67 75 242 246 265 270 288 292 366 396 596
385 385 7 16 170 196 209 279 338 388
386 386 10 15 48 67 184 279 308 431 539 545 593
387 387 17 1 34 39 60 91 102 137 143 194 265 349 442 449 489 545 582 599
388 388 13 18 86 117 140 210 261 310 408 504 537 561 587 595
389 389 5 49 132 356 441 504
390 390 14 16 17 18 46 140 195 218 224 240 281 308 448 473 577
391 391 10 34 60 115 200 323 339 388 430 437 478
392 392 9 56 67 144 154 194 349 430 521 531
393 393 12 6 117 239 240 261 322 359 387 500 525 589 592
394 394 17 24 122 190 194 195 271 288 295 301 302 449 459 481 544 552 585 589
395 395 15 4 67 72 162 221 301 324 430 505 515 523 532 555 596 597
396 396 5 70 181 261 455 599
397 397 8 12 121 205 265 279 349 523 576
398 398 3 101 168 545
399 399 6 81 117 186 328 400 431
400 400 11 66 88 117 222 244 281 336 349 396 470 544
401 401 7 15 30 140 221 239 252 288
402 402 11 0 14 200 277 324 376 500 520 539 575 592
403 403 12 94 141 152 170 189 234 241 277 308 492 559 589
404 404 10 30 110 192 220 310 322 384 497 563 577
405 405 9 49 132 135 305 322 378 441 504 545
406 406 16 32 46 143 178 179 191 199 218 220 248 288 396 409 416 455 470
407 407 6 161 287 406 426 450 505
408 408 14 60 117 162 187 189 206 221 242 261 305 312 413 478 500
409 409 17 39 86 102 117 154 167 305 324 330 359 374 396 400 405 423 427 459
410 410 14 34 56 86 185 240 341 399 406 408 409 473 536 544 589
411 411 11 4 57 167 183 240 261 356 451 476 565 585
412 412 12 68 85 141 240 258 270 401 451 491 526 539 593
413 413 18 86 125 140 189 221 250 298 303 308 334 349 368 390 411 524 538 582 595
414 414 12 108 121 202 241 254 262 270 389 448 468 505 539
415 415 17 18 30 103 108 111 117 121 154 163 181 214 262 273 376 532 566 595
416 416 10 18 47 78 131 202 270 345 408 449 576
417 417 17 98 146 184 245 254 310 322 323 331 380 388 390 396 498 542 595 599
418 418 8 67 101 159 226 318 421 494 567
419 419 8 56 75 94 168 234 428 494 599
420 420 11 1 99 181 190 267 274 468 470 471 474 552
421 421 6 14 94 234 264 404 428
422 422 11 11 18 32 39 212 295 304 408 457 494 589
423 423 17 14 33 110 115 186 376 389 414 446 449 476 478 490 526 527 566 589
424 424 9 34 136 155 158 329 449 521 532 589
425 425 8 87 115 121 186 216 218 300 474
426 426 11 28 85 202 268 285 336 395 425 427 523 525
427 427 18 26 34 49 75 86 100 117 148 166 198 267 315 389 536 544 554 566 593
428 428 15 26 56 57 140 196 203 240 312 351 352 406 414 441 526 589
429 429 8 76 78 152 161 352 390 455 492
430 430 19 11 108 159 186 222 250 281 308 316 331 349 396 400 419 473 500 501 532 555
431 431 12 18 34 39 78 119 185 195 222 270 328 448 489
432 432 14 14 16 31 86 87 108 119 166 323 338 380 390 425 579
433 433 8 24 60 218 315 329 389 408 589
434 434 5 3 72 227 288 514
435 435 15 86 170 224 261 265 285 319 321 396 411 441 526 538 566 595
436 436 10 0 14 34 102 285 328 501 545 549 583
437 437 15 112 170 179 186 326 365 414 434 457 481 508 524 567 582 599
438 438 18 19 60 99 116 270 305 307 318 332 378 427 446 459 497 505 507 544 599
439 439 18 2 15 26 60 63 86 123 128 159 195 279 308 310 328 372 417 577 599
440 440 6 215 413 546 549 577 587
441 441 11 121 186 187 331 412 419 438 448 513 519 582
442 442 14 6 100 117 194 248 305 330 331 348 364 416 427 500 562
443 443 11 56 110 117 170 187 318 345 396 420 512 538
444 444 5 117 377 399 419 570
445 445 10 24 123 258 296 322 376 510 523 524 593
446 446 11 16 34 117 132 232 233 253 279 367 431 492
447 447 13 66 135 156 162 182 207 258 290 318 322 374 491 543
448 448 10 20 44 67 300 512 542 552 558 577 589
449 449 15 11 24 30 32 39 60 111 125 331 364 413 485 526 531 567
450 450 11 117 143 184 186 188 194 406 439 458 470 489
451 451 11 18 54 154 162 195 230 234 320 387 403 577
452 452 15 14 67 86 118 129 151 172 181 318 403 428 444 459 478 523
453 453 12 16 44 54 56 82 146 162 221 353 408 524 544
454 454 12 19 117 146 175 221 239 301 305 457 477 554 598
455 455 16 48 67 160 213 239 261 293 314 351 390 404 433 437 457 498 562
456 456 15 32 108 116 172 203 242 258 285 367 376 403 429 478 555 579
457 457 8 104 140 187 275 283 350 428 449
458 458 9 3 146 219 348 438 523 524 550 555
459 459 4 100 147 270 544
460 460 13 93 117 162 207 305 346 375 384 390 403 525 589 593
461 461 11 94 134 213 245 321 364 403 413 424 465 586
462 462 10 30 110 128 170 212 261 365 403 474 476
463 463 14 21 186 187 218 221 239 270 307 402 431 478 498 523 593
464 464 7 90 91 184 218 295 493 524
465 465 5 16 305 343 345 399
466 466 6 111 322 411 449 526 562
467 467 11 147 179 220 224 267 349 363 414 471 478 587
468 468 15 26 44 78 100 105 248 348 392 416 423 443 449 500 562 593
469 469 9 16 141 161 202 205 216 270 408 445
470 470 5 62 187 219 350 494
471 471 6 122 178 186 321 455 478
472 472 7 91 242 295 346 367 457 542
473 473 9 78 187 194 224 308 367 431 523 542
474 474 10 3 14 30 131 178 191 273 321 466 567
475 475 16 11 18 28 124 129 170 210 221 330 403 439 478 527 548 552 593
476 476 12 29 57 67 123 188 241 315 393 458 514 539 598
477 477 9 30 86 87 141 195 357 359 406 531
478 478 7 143 253 254 314 416 425 521
479 479 10 14 56 125 166 244 285 318 331 347 527
480 480 16 85 108 117 128 168 184 196 218 275 401 408 419 427 470 474 532
481 481 11 3 86 146 148 216 318 408 427 431 458 552
482 482 10 33 70 111 120 134 154 238 242 462 539
483 483 5 31 132 438 439 485
484 484 7 3 10 24 122 135 343 467
485 485 15 16 66 101 141 144 161 175 205 308 408 448 500 566 568 589
486 486 17 14 16 18 73 94 98 162 388 420 445 449 459 473 504 527 539 595
487 487 12 19 78 118 146 217 219 276 293 443 523 559 565
488 488 11 16 28 120 192 239 244 279 307 431 494 521
489 489 7 15 22 141 172 218 451 489
490 490 8 89 167 203 269 271 440 441 593
491 491 14 26 77 117 140 229 270 356 403 435 437 478 520 550 558
492 492 7 16 18 56 111 240 302 542
493 493 10 14 74 111 210 250 345 352 374 421 465
494 494 11 108 190 211 324 355 365 426 444 504 526 555
495 495 10 6 67 192 213 386 406 408 426 431 589
496 496 4 1 67 162 455
497 497 9 5 20 78 202 239 246 315 353 364
498 498 9 18 19 81 189 339 408 422 544 583
499 499 14 85 98 102 140 146 166 221 292 293 451 504 554 565 587
500 500 6 18 86 197 288 368 559
501 501 8 16 121 186 187 307 431 449 593
502 502 4 210 239 402 575
503 503 8 29 39 50 187 323 338 419 490
504 504 4 23 181 310 431
505 505 6 115 324 427 452 539 542
506 506 5 162 195 265 326 335
507 507 12 19 56 60 97 116 221 301 403 408 437 557 596
508 508 10 76 162 186 262 305 410 440 481 545 565
509 509 9 19 49 103 276 431 437 487 489 492
510 510 14 78 111 113 129 134 188 244 315 322 323 443 478 547 555
511 511 12 15 144 186 239 277 348 364 384 422 516 554 593
512 512 14 30 48 128 170 219 251 288 318 338 349 408 445 481 593
513 513 2 196 273
514 514 9 46 112 186 195 283 301 425 449 498
515 515 9 12 132 239 366 396 431 544 550 568
516 516 9 117 192 334 443 478 493 543 550 567
517 517 12 14 66 98 203 210 219 300 414 420 427 494 523
518 518 7 31 221 225 277 426 438 449
519 519 13 24 34 154 161 189 210 261 293 318 327 349 365 577
520 520 12 31 108 112 147 161 169 175 334 364 419 563 595
521 521 9 6 34 48 60 87 170 221 355 442
522 522 8 42 44 90 179 199 345 349 561
523 523 7 94 277 308 313 339 449 514
524 524 12 32 38 46 117 178 194 250 293 323 393 431 501
525 525 8 18 34 102 144 315 353 464 494
526 526 12 18 90 111 183 185 194 221 319 395 408 416 463
527 527 9 1 14 26 189 240 258 336 419 534
528 528 8 11 20 43 163 270 310 329 595
529 529 16 49 63 97 121 124 186 187 308 328 407 449 497 524 544 570 593
530 530 9 111 188 244 315 322 323 387 396 547
531 531 9 29 56 270 315 341 440 498 543 593
532 532 8 3 209 235 350 440 478 523 527
533 533 8 76 78 152 161 352 390 455 492
534 534 13 14 170 187 204 270 272 388 448 458 472 489 490 521
535 535 7 110 115 190 202 248 322 478
536 536 13 121 161 288 319 345 364 376 427 458 465 519 523 524
537 537 18 33 81 108 123 154 186 187 218 221 239 322 330 382 420 478 488 515 527
538 538 9 16 18 128 170 212 317 364 378 431
539 539 13 24 43 68 121 189 210 214 318 328 408 474 555 563
540 540 9 6 177 207 221 331 337 408 523 549
541 541 9 26 41 100 111 190 199 244 261 562
542 542 9 199 240 338 349 406 408 562 580 593
543 543 16 44 69 82 104 146 154 161 188 233 307 322 328 364 403 451 577
544 544 10 18 78 163 206 210 261 285 293 455 582
545 545 11 6 30 38 143 172 210 221 230 268 349 449
546 546 8 32 48 188 195 279 406 584 595
547 547 6 43 99 186 306 326 524
548 548 8 18 46 57 162 184 539 566 582
549 549 14 91 144 172 315 394 406 425 440 441 470 495 521 526 593
550 550 13 72 119 141 147 194 343 364 370 451 490 502 513 525
551 551 2 307 546
552 552 6 14 108 345 433 489 526
553 553 17 11 18 34 35 77 185 186 198 239 276 286 370 389 408 419 455 514
554 554 10 15 250 267 408 488 504 526 528 559 593
555 555 12 60 67 188 310 319 375 422 425 521 546 550 588
556 556 9 6 45 123 184 245 254 388 455 599
557 557 5 210 271 389 457 561
558 558 13 5 18 32 86 146 261 271 310 339 414 438 584 593
559 559 7 6 38 154 170 239 277 446
560 560 10 12 18 47 60 186 253 261 396 455 504
561 561 12 18 42 86 128 172 185 218 267 416 478 492 558
562 562 17 14 161 163 264 265 279 321 395 396 404 451 457 493 524 526 577 591
563 563 10 37 49 81 147 307 322 376 408 449 514
564 564 10 57 129 139 192 219 242 394 429 479 582
565 565 10 12 60 136 187 328 347 431 439 518 589
566 566 11 11 111 123 185 376 386 476 557 592 593 596
567 567 7 48 86 135 186 234 328 408
568 568 16 16 20 88 117 128 167 183 321 335 350 365 440 478 500 527 552
569 569 8 26 46 97 113 139 319 489 533
570 570 14 91 144 195 295 345 346 367 431 457 514 542 577 589 595
571 571 11 34 35 87 111 113 220 277 327 424 558 559
572 572 7 115 121 127 147 308 532 599
573 573 7 186 190 326 372 398 524 599
574 574 18 72 118 123 129 144 147 159 162 241 293 319 340 420 539 559 562 593 596
575 575 10 3 6 101 135 186 321 330 431 557 565
576 576 6 4 28 100 111 245 288
577 577 9 85 108 186 230 277 419 585 595 599
578 578 14 18 63 67 194 222 239 285 408 413 499 523 524 545 595
579 579 5 67 103 146 195 310
580 580 11 32 85 143 162 168 178 179 409 416 437 487
581 581 12 14 141 186 303 308 321 339 348 449 492 593 596
582 582 11 10 14 18 318 335 408 451 472 514 523 563
583 583 11 14 118 151 172 181 186 244 261 428 444 523
584 584 8 11 28 138 188 293 523 554 589
585 585 1 261
586 586 10 72 122 186 189 245 346 361 456 523 593
587 587 13 18 30 90 91 97 111 115 220 245 295 406 408 482
588 588 8 32 57 178 188 442 589 593 596
589 589 18 8 21 63 102 123 125 132 210 218 315 448 497 507 523 526 536 568 595
590 590 11 57 91 221 242 261 295 345 346 367 457 542
591 591 7 3 13 81 166 244 427 479
592 592 15 6 85 140 177 191 202 230 315 321 322 375 490 522 523 596
593 593 14 57 83 141 162 194 248 276 292 307 390 396 408 485 523
594 594 13 15 158 239 240 270 288 293 313 322 327 335 452 456
595 595 9 56 98 226 267 305 308 438 525 539
596 596 5 99 146 178 270 387
597 597 12 163 173 186 204 254 279 396 433 459 514 523 565
598 598 10 16 240 270 293 315 406 456 545 550 576
599 599 10 50 83 119 151 183 390 401 478 487 552
600 600 13 15 46 50 86 221 288 313 363 376 419 446 545 577
601 601 10 21 34 145 155 186 195 209 267 505 567
602 602 11 134 152 310 323 386 396 408 478 526 552 585
603 603 15 19 67 227 244 267 316 321 388 396 408 431 527 542 550 567
604 604 8 16 48 72 128 141 339 395 532
605 605 8 56 57 86 123 258 479 523 539
606 606 11 0 66 67 119 155 279 396 406 408 413 448
607 607 12 34 170 188 203 234 240 241 311 324 334 492 532
608 608 9 49 102 180 274 286 292 425 450 582
609 609 8 10 170 260 261 342 394 430 542
610 610 5 86 91 527 539 577
611 611 10 8 32 67 143 178 179 194 409 416 554
612 612 8 34 78 232 233 285 355 430 520
613 613 8 49 179 210 244 335 446 556 562
614 614 13 26 37 64 86 100 134 178 232 233 326 408 497 501
615 615 10 41 56 186 261 362 403 433 544 552 558
616 616 11 209 295 305 308 313 366 419 527 544 561 593
617 617 8 5 20 60 326 409 492 550 558
618 618 5 162 195 265 326 335
619 619 5 111 209 221 427 527
620 620 14 14 34 100 108 115 172 270 335 357 403 408 425 521 593
621 621 7 147 204 220 326 521 576 597
622 622 10 31 34 173 177 199 237 240 321 414 460
623 623 12 6 26 44 138 143 268 305 307 349 403 448 452
624 624 14 11 14 18 97 152 188 192 230 308 396 406 477 494 585
625 625 7 194 293 421 449 512 558 584
626 626 9 86 111 115 132 144 154 194 335 395
627 627 6 187 241 348 380 386 408
628 628 16 30 49 83 102 146 194 248 259 261 272 396 406 420 473 567 585
629 629 13 38 86 115 129 152 194 269 331 395 426 455 478 505
630 630 13 0 16 141 185 315 346 351 366 386 425 445 466 524
631 631 8 44 60 115 117 187 384 419 478
632 632 11 25 67 81 159 221 226 241 287 328 431 567
633 633 5 6 117 141 163 568
634 634 8 15 48 132 151 172 240 318 370
635 635 9 14 144 186 209 288 304 406 439 470
636 636 16 4 44 140 147 265 308 347 365 389 394 406 408 414 426 449 589
637 637 7 14 21 38 134 298 390 552
638 638 9 19 186 242 277 310 324 438 469 587
639 639 10 12 57 99 230 321 322 376 408 416 599
640 640 8 29 111 185 197 276 365 399 521
641 641 11 0 67 72 146 167 219 240 310 479 523 589
642 642 16 76 78 85 152 161 195 202 336 352 390 395 425 427 455 492 523
643 643 9 121 166 195 284 358 395 478 544 550
644 644 4 60 170 268 501
645 645 6 26 308 324 448 500 516
646 646 11 6 29 102 106 107 118 121 128 154 277 478
647 647 13 1 128 135 136 168 196 230 292 310 470 472 532 599
648 648 6 48 108 142 187 239 401
649 649 9 6 127 186 232 425 556 558 588 599
650 650 12 26 86 187 210 225 241 322 336 345 445 524 595
651 651 10 77 218 240 310 479 489 495 505 524 589
652 652 9 14 48 57 132 219 242 321 345 555
653 653 6 1 121 186 302 316 359
654 654 15 46 97 123 166 170 185 189 221 265 316 400 419 420 434 523
655 655 9 43 57 139 188 220 250 389 390 425
656 656 13 38 60 110 116 252 277 294 343 389 396 403 408 438
657 657 11 24 30 60 102 119 132 186 240 419 502 589
658 658 13 24 103 117 147 199 380 406 437 470 515 555 589 596
659 659 16 67 78 113 134 196 215 222 307 318 335 357 388 478 485 555 559
660 660 11 16 60 67 111 163 222 313 336 458 539 577
661 661 12 30 111 118 194 230 254 266 302 344 352 455 521
662 662 10 67 72 86 129 215 400 444 478 521 532
663 663 10 3 25 275 375 401 419 478 544 550 593
664 664 9 60 223 315 330 353 359 478 591 593
665 665 6 66 186 331 337 549 593
666 666 9 19 29 83 129 136 430 463 478 559
667 667 6 1 3 101 398 485 523
668 668 8 111 192 352 419 425 459 477 593
669 669 10 70 111 207 215 304 430 457 502 545 577
670 670 15 14 18 75 97 104 170 188 233 345 422 443 451 460 478 520
671 671 15 13 15 20 78 170 234 243 349 351 416 445 500 505 521 587
672 672 9 32 82 85 197 233 328 408 577 584
673 673 8 158 250 267 304 324 501 593 596
674 674 10 24 60 194 293 359 457 512 531 558 584
675 675 6 50 72 129 154 269 288
676 676 8 170 234 321 349 389 465 521 552
677 677 12 14 20 31 139 158 242 244 305 308 323 349 446
678 678 15 0 146 195 219 220 241 258 303 315 348 367 455 507 521 523
679 679 9 19 128 161 181 190 335 406 501 550
680 680 6 147 195 275 431 459 470
681 681 7 111 226 293 473 481 557 577
682 682 7 67 111 389 408 529 544 589
683 683 5 97 348 445 493 508
684 684 18 14 34 60 78 101 108 146 162 191 220 234 246 270 319 449 500 577 584
685 685 13 0 28 62 131 141 295 322 343 370 408 470 515 544
686 686 8 67 111 118 219 269 355 455 481
687 687 12 5 56 116 128 140 147 170 219 251 270 288 318
688 688 6 14 147 230 374 452 514
689 689 14 12 47 55 118 186 195 249 253 294 376 386 408 479 593
690 690 13 118 239 250 288 326 327 335 368 433 449 478 515 576
691 691 11 83 88 179 183 236 276 386 390 426 514 552
692 692 9 4 16 18 56 111 240 292 536 542
693 693 8 43 44 76 99 261 306 387 396
694 694 6 195 242 308 448 470 547
695 695 15 44 48 117 170 186 234 250 254 277 308 328 386 492 500 501
696 696 7 26 227 318 324 349 449 525
697 697 16 56 69 100 124 128 134 154 188 190 277 285 348 408 451 518 558
698 698 11 39 136 161 209 221 253 408 419 442 495 593
699 699 10 121 149 161 219 261 285 323 388 544 557
700 700 15 89 147 245 315 343 351 389 440 465 470 522 550 589 593 596
701 701 8 67 116 134 357 403 416 459 478
702 702 5 29 186 221 265 539
703 703 2 170 489
704 704 17 44 46 115 123 141 194 209 279 286 294 310 372 409 448 455 523 593
705 705 8 15 67 86 303 358 427 492 599
706 706 16 34 66 114 149 220 227 258 319 334 384 412 470 549 584 593 598
707 707 12 14 97 134 186 194 197 244 295 303 448 521 523
708 708 14 4 10 85 140 166 215 281 293 322 367 451 494 504 523
709 709 16 4 34 39 84 85 186 192 200 307 377 408 411 435 501 520 566
710 710 5 42 111 192 270 413
711 711 6 132 160 270 431 451 567
712 712 13 66 186 208 218 221 244 331 357 425 428 567 596 599
713 713 14 15 19 69 86 98 161 170 224 292 296 308 451 550 565
714 714 10 19 34 60 111 194 270 378 440 497 505
715 715 14 23 111 117 141 153 163 194 274 280 334 408 492 521 570
716 716 12 6 72 78 109 170 209 246 315 384 492 512 566
717 717 7 70 245 277 301 319 323 488
718 718 8 77 215 330 403 419 425 435 437
719 719 14 6 86 100 161 188 203 221 252 271 301 304 349 478 589
720 720 8 22 135 195 218 240 401 562 595
721 721 10 1 2 16 180 328 370 384 449 455 596
722 722 9 16 56 99 108 141 221 384 408 505
723 723 8 59 67 160 270 449 501 580 589
724 724 6 192 221 385 419 523 596
725 725 8 56 76 144 162 307 389 419 497
726 726 15 15 67 86 221 310 348 358 489 492 514 545 552 558 563 595
727 727 11 16 39 62 125 137 181 307 328 431 494 507
728 728 12 14 67 119 161 186 192 331 368 408 417 565 580
729 729 10 88 102 156 222 244 281 336 349 396 544
730 730 14 41 108 158 192 194 203 219 310 319 331 353 429 430 527
731 731 11 72 102 119 141 147 186 336 364 451 525 599
732 732 9 19 202 239 366 407 474 514 542 557
733 733 2 185 195
734 734 17 21 32 38 46 117 178 194 203 250 293 304 323 393 425 431 501 542
735 735 4 14 21 38 134
736 736 6 166 316 416 441 452 526
737 737 12 44 63 124 240 322 328 335 385 472 524 544 593
738 738 7 86 240 328 448 458 499 577
739 739 15 10 128 145 153 239 267 307 326 384 441 482 489 514 516 533
740 740 18 15 16 46 76 115 191 192 248 288 305 321 322 406 410 421 455 470 545
741 741 9 59 178 421 423 447 478 525 530 589
742 742 4 57 312 352 526
743 743 7 1 102 186 234 336 526 596
744 744 9 78 102 209 276 307 340 362 466 558
745 745 13 28 35 60 67 196 239 301 319 408 526 539 550 585
746 746 4 14 187 472 489
747 747 8 116 129 152 162 186 240 262 470
748 748 7 3 98 186 202 203 227 376
749 749 13 23 49 78 376 395 417 425 448 449 455 501 524 544
750 750 9 218 244 277 387 425 445 492 507 569
751 751 17 28 60 103 121 134 136 194 210 240 290 322 358 387 411 436 523 555
752 752 14 4 14 16 111 141 143 148 186 230 335 411 507 542 577
753 753 8 34 75 78 197 274 504 555 595
754 754 8 0 110 146 348 478 492 523 593
755 755 5 145 194 266 277 589
756 756 9 4 15 183 233 331 410 449 455 502
757 757 9 31 85 137 161 244 322 389 497 562
758 758 14 30 146 210 239 250 394 402 440 448 479 495 512 575 582
759 759 3 56 129 233
760 760 7 68 117 139 221 322 349 445
761 761 13 49 140 194 220 252 384 396 408 419 442 467 474 588
762 762 8 50 118 134 221 265 347 561 568
763 763 6 3 131 183 191 273 466
764 764 8 123 185 221 230 407 451 545 562
765 765 10 0 132 189 194 210 225 315 422 452 501
766 766 10 14 136 170 221 308 310 348 495 552 563
767 767 16 21 56 67 108 113 159 177 186 239 261 315 334 409 523 524 576
768 768 7 86 186 215 230 319 388 496
769 769 9 47 209 270 345 408 421 449 567 576
770 770 10 132 173 236 240 302 310 349 368 390 582
771 771 5 117 140 229 270 356
772 772 5 87 161 220 328 523
773 773 10 32 56 143 279 285 298 321 455 544 595
774 774 12 85 137 161 199 244 351 411 419 457 523 561 562
775 775 11 13 39 110 115 160 179 304 310 380 395 542
776 776 8 195 202 270 323 421 425 448 599
777 777 13 6 26 116 138 191 233 448 482 504 507 514 544 577
778 778 4 184 357 422 514
779 779 5 141 308 358 376 494
780 780 10 14 42 144 209 288 439 459 463 470 589
781 781 13 56 57 124 154 161 188 233 327 451 494 507 531 595
782 782 8 93 253 288 429 449 472 474 563
783 783 7 221 267 366 390 544 552 597
784 784 8 83 146 248 279 318 388 396 420
785 785 6 28 111 315 377 407 595
786 786 8 18 86 146 261 271 310 339 414
787 787 5 110 409 443 478 544
788 788 12 85 141 185 240 267 270 419 431 451 491 501 593
789 789 12 132 161 233 262 267 328 438 494 526 528 555 577
790 790 10 39 152 319 389 403 408 427 523 526 566
791 791 11 12 15 34 60 135 285 308 324 365 452 514
792 792 8 37 86 116 307 408 448 490 562
793 793 10 18 187 191 196 218 330 359 488 527 595
794 794 15 18 67 117 141 190 210 345 349 413 470 546 547 549 567 577
795 795 13 4 59 132 154 191 195 240 352 356 396 402 434 582
796 796 11 118 161 222 250 308 310 349 365 473 523 526
797 797 13 14 29 30 67 186 218 261 267 283 357 420 435 544
798 798 12 110 146 168 170 210 315 408 497 500 520 584 595
799 799 15 72 74 100 111 223 276 321 345 375 396 408 421 425 428 465
800 800 8 48 141 186 356 408 421 431 439
801 801 9 19 117 143 227 316 321 408 477 542
802 802 9 14 56 111 115 146 242 460 577 580
803 803 4 60 154 293 406
804 804 9 35 37 113 162 254 290 309 494 577
805 805 12 18 110 242 292 315 376 408 455 478 497 501 504
806 806 11 110 161 178 293 331 431 451 470 482 523 524
807 807 14 110 153 170 213 239 261 351 385 404 433 457 498 540 562
808 808 8 34 200 308 315 526 584 595 599
809 809 14 16 39 50 60 103 141 181 190 319 389 419 474 500 558
810 810 13 39 170 225 234 321 328 349 431 448 489 521 552 595
811 811 18 18 86 104 115 140 210 261 269 271 310 327 406 408 441 504 561 587 595
812 812 9 8 129 139 233 335 376 406 422 577
813 813 15 34 60 61 104 113 115 117 186 205 385 427 478 507 549 596
814 814 12 47 122 186 190 273 295 310 438 448 459 519 582
815 815 8 175 308 376 416 422 500 568 589
816 816 10 5 84 128 161 162 293 308 419 562 577
817 817 14 34 60 78 141 162 220 234 244 370 376 407 419 527 577
818 818 9 67 131 213 293 386 406 426 431 589
819 819 10 99 117 221 301 351 458 492 505 523 558
820 820 6 120 161 186 389 504 543
821 821 12 1 4 34 111 121 123 301 308 344 345 455 494
822 822 14 18 21 57 177 308 319 348 394 448 474 539 548 566 582
823 823 10 42 46 74 102 152 250 332 423 449 566
824 824 5 187 339 448 505 523
825 825 7 186 270 325 431 514 565 577
826 826 12 19 85 122 190 202 240 245 291 295 319 331 596
827 827 9 60 110 132 191 210 279 308 387 445
828 828 4 24 189 210 318
829 829 10 78 152 186 288 308 376 431 437 473 502
830 830 9 15 48 132 151 172 240 318 370 584
831 831 7 90 117 184 322 431 521 586
832 832 4 222 331 478 593
833 833 8 49 186 313 382 396 521 523 596
834 834 6 34 87 358 403 478 481
835 835 14 18 56 60 137 187 189 313 326 339 408 412 427 583 595
836 836 14 18 136 211 254 277 358 387 408 410 425 521 550 589 599
837 837 7 147 151 165 227 408 449 595
838 838 8 34 113 190 250 345 395 554 595
839 839 7 18 66 159 219 327 387 390
840 840 14 9 162 170 194 296 324 342 387 396 466 521 558 577 583
841 841 8 32 57 178 184 326 400 562 589
842 842 9 6 99 218 242 336 370 410 414 446
843 843 8 72 123 146 261 271 428 476 490
844 844 9 140 191 288 311 324 427 431 455 536
845 845 11 57 111 129 186 202 219 285 341 366 431 582
846 846 7 50 108 266 396 431 563 589
847 847 13 48 123 234 250 277 328 356 359 399 403 404 425 593
848 848 8 206 218 239 365 498 500 523 531
849 849 5 110 146 209 413 430
850 850 6 0 186 321 435 455 501
851 851 17 12 14 137 163 190 191 250 269 283 308 321 345 351 376 471 492 554
852 852 10 44 56 116 364 443 455 461 536 589 593
853 853 12 4 18 94 132 170 310 358 423 478 521 523 562
854 854 7 16 259 268 272 500 531 567
855 855 16 14 24 32 47 78 170 194 196 210 288 307 323 449 504 539 543
856 856 11 15 98 218 375 408 492 504 506 526 528 559
857 857 14 6 18 86 161 190 254 283 293 304 345 358 386 408 524
858 858 10 12 129 161 233 338 385 426 488 505 524
859 859 10 21 33 250 267 419 457 459 488 520 526
860 860 13 112 149 161 218 233 245 288 310 315 319 389 410 488
861 861 12 15 48 110 132 151 172 186 240 318 370 390 562
862 862 7 86 90 113 210 396 425 448
863 863 7 102 131 185 240 288 374 465
864 864 9 4 214 239 283 324 402 427 550 596
865 865 13 20 97 110 134 183 186 254 390 408 438 499 561 576
866 866 13 16 25 151 209 262 308 319 370 384 431 478 497 561
867 867 6 41 108 219 331 429 430
868 868 11 14 167 185 190 215 242 264 311 404 478 523
869 869 10 11 18 32 39 146 216 318 408 431 552
870 870 7 19 209 229 242 245 478 520
871 871 13 14 31 34 108 110 136 162 390 425 527 550 579 599
872 872 12 60 194 195 308 310 407 422 425 523 526 550 588
873 873 9 16 60 124 190 318 359 390 408 589
874 874 5 72 98 408 501 502
875 875 13 3 86 141 148 220 357 375 403 423 425 427 458 561
876 876 13 1 16 24 128 336 348 359 372 449 492 531 554 577
877 877 9 3 117 177 185 271 290 308 433 595
878 878 10 8 11 56 67 186 215 390 395 428 523
879 879 4 56 298 308 431
880 880 9 49 117 132 158 441 504 537 584 587
881 881 5 60 117 170 268 501
882 882 8 170 219 288 403 406 445 457 501
883 883 9 56 99 210 351 384 446 505 523 595
884 884 12 34 41 199 242 267 322 416 455 523 524 534 554
885 885 6 116 186 190 203 321 593
886 886 8 13 18 60 153 334 425 492 524
887 887 18 3 16 30 49 118 152 181 187 194 242 288 349 376 419 425 448 449 562
888 888 7 14 229 310 345 406 517 585
889 889 13 39 147 179 190 239 240 318 372 386 392 419 431 539
890 890 7 144 152 170 192 265 318 548
891 891 14 49 170 190 191 210 222 227 234 245 258 459 523 561 562
892 892 11 1 49 110 313 376 438 439 510 532 577 598
893 893 5 56 135 261 464 589
894 894 13 54 152 181 189 196 202 215 244 270 318 359 504 589
895 895 7 44 67 183 215 396 408 449
896 896 7 141 276 351 386 435 445 482
897 897 18 1 34 56 86 100 118 161 185 195 234 321 322 338 411 449 523 526 561
898 898 15 72 100 158 181 219 276 331 341 408 417 524 552 557 577 593
899 899 8 3 16 73 82 196 315 353 597
900 900 13 26 37 86 100 132 218 306 326 344 364 395 448 599
901 901 9 6 48 60 178 244 261 288 442 489
902 902 5 18 326 331 406 481
903 903 5 16 117 253 367 492
904 904 9 34 69 190 286 302 398 474 494 524
905 905 15 44 118 163 167 170 190 202 203 261 308 310 324 331 501 597
906 906 10 108 123 170 239 285 327 408 419 425 584
907 907 12 102 111 115 141 153 164 194 328 408 542 570 589
908 908 8 18 192 226 316 406 408 479 592
909 909 7 122 186 203 308 322 489 523
910 910 10 56 143 279 285 298 308 321 531 544 598
911 911 11 38 118 134 347 404 427 502 526 561 582 595
912 912 10 24 56 67 210 336 394 395 459 478 549
913 913 9 34 70 112 202 218 340 451 561 593
914 914 17 6 24 38 60 172 221 230 315 324 328 356 359 457 490 531 533 578
915 915 8 101 168 214 244 419 471 474 552
916 916 8 3 14 44 117 219 308 542 586
917 917 11 12 104 233 239 267 270 492 505 533 545 577
918 918 16 10 32 42 48 111 140 186 188 195 202 267 285 324 341 366 431
919 919 11 24 42 117 139 199 279 310 370 380 550 555
920 920 12 33 114 115 162 265 292 308 376 396 442 449 593
921 921 16 18 23 26 47 49 56 91 240 331 422 425 449 524 544 586 599
922 922 16 31 68 85 141 146 191 209 240 270 315 335 408 451 491 593 597
923 923 14 34 48 83 170 227 250 364 419 471 488 516 562 585 593
924 924 4 158 194 521 589
925 925 8 8 39 234 286 322 393 411 478
926 926 10 26 97 136 163 242 301 308 318 338 554
927 927 12 6 24 88 132 170 199 305 419 492 549 574 589
928 928 12 26 60 115 129 185 187 254 281 349 448 589 599
929 929 8 9 60 86 159 230 285 404 438
930 930 13 15 21 34 102 127 145 155 194 203 221 250 531 545
931 931 16 1 14 23 29 124 140 175 185 285 308 368 438 531 562 592 595
932 932 6 29 143 161 186 246 444
933 933 14 3 111 119 161 186 221 345 431 524 555 565 580 588 589
934 934 8 170 183 270 327 376 421 443 523
935 935 10 76 77 305 403 410 435 437 441 545 565
936 936 11 110 111 117 166 219 318 345 396 403 405 558
937 937 14 4 30 59 67 99 134 145 235 244 406 462 483 500 516
938 938 11 30 102 144 186 202 219 239 242 307 336 346
939 939 11 42 56 57 69 152 162 227 271 474 566 582
940 940 14 60 161 241 245 267 342 349 416 429 448 455 494 589 597
941 941 18 57 122 161 189 191 194 195 210 219 245 315 406 425 449 455 478 523 593
942 942 11 20 43 147 270 310 478 481 527 544 552 595
943 943 6 44 54 146 221 524 544
944 944 11 26 34 60 83 113 244 307 319 331 489 494
945 945 8 31 136 191 209 315 335 408 597
946 946 19 1 15 22 34 86 88 161 162 209 222 249 267 293 304 335 343 395 542 545
947 947 17 44 134 141 194 209 219 222 262 276 315 318 345 388 419 426 440 459
948 948 8 4 202 212 304 376 408 533 555
949 949 17 63 124 125 136 262 299 300 402 403 427 478 504 515 518 542 583 593
950 950 11 15 102 106 318 346 376 406 452 455 478 558
951 951 10 10 103 290 321 394 416 420 440 522 561
952 952 6 111 185 190 352 404 499
953 953 21 18 34 60 66 132 140 170 233 245 261 310 357 375 376 396 455 474 502 504 506 595
954 954 7 14 158 186 221 310 344 390
955 955 10 0 117 129 161 207 305 384 565 568 593
956 956 13 14 15 56 115 116 121 134 191 330 335 344 474 586
957 957 10 131 190 194 220 233 342 403 492 567 593
958 958 18 24 57 63 110 113 160 162 168 178 221 293 352 448 449 451 470 474 523
959 959 11 34 123 186 190 195 271 301 336 367 587 593
960 960 4 166 242 443 593
961 961 4 196 413 501 508
962 962 10 1 48 160 192 258 305 308 366 518 544
963 963 10 47 93 186 261 319 346 455 574 576 582
964 964 4 162 239 290 479
965 965 15 15 39 48 108 110 215 218 239 365 408 429 437 445 478 580
966 966 11 178 187 219 339 402 413 449 458 514 544 577
967 967 12 4 99 187 232 244 310 313 387 431 514 523 593
968 968 15 78 94 124 154 164 194 240 322 331 348 349 427 478 521 545
969 969 7 19 194 262 265 277 326 410
970 970 11 67 99 186 221 277 427 451 474 488 584 597
971 971 13 70 108 154 221 315 322 364 382 451 478 485 515 561
972 972 7 115 143 315 323 328 382 545
973 973 15 56 117 124 170 181 205 234 321 349 408 449 521 552 577 593
974 974 10 119 120 161 276 315 407 492 565 580 595
975 975 7 258 307 351 448 455 531 544
976 976 13 4 78 99 115 186 235 248 254 277 310 331 380 478
977 977 10 162 267 304 324 440 451 479 501 564 585
978 978 9 194 215 261 308 335 345 364 562 592
979 979 12 50 74 78 183 191 194 202 310 321 343 470 536
980 980 6 5 60 68 146 459 593
981 981 6 14 123 140 270 310 403
982 982 10 3 49 60 140 186 221 245 428 438 542
983 983 14 42 90 108 135 144 161 170 224 310 431 445 474 545 550
984 984 15 26 31 37 86 100 136 178 191 209 315 326 335 344 408 597
985 985 11 110 185 253 318 331 347 420 449 466 499 509
986 986 11 102 140 163 178 204 218 245 386 539 593 599
987 987 10 94 153 266 308 346 349 449 495 521 545
988 988 9 132 233 245 267 363 387 395 414 441
989 989 13 123 187 194 210 294 336 337 390 409 425 558 570 595
990 990 16 16 111 140 145 187 195 209 218 281 322 336 425 449 562 589 593
991 991 14 39 85 138 140 141 166 261 293 391 423 433 504 568 599
992 992 11 43 144 145 152 218 288 293 380 402 425 589
993 993 8 140 269 308 324 390 391 568 599
994 994 8 137 199 351 411 419 457 523 561
995 995 4 72 190 490 563
996 996 9 16 38 60 82 84 137 250 352 353
997 997 10 1 60 267 308 416 455 458 512 529 584
998 998 16 11 108 110 161 162 229 343 390 474 485 521 522 523 561 575 595
999 999 8 25 147 181 215 262 318 589 592
1000 1000 11 67 116 140 219 326 388 445 449 470 557 589
